2 1 5 0 0 0 0 0 0 0 0 0 0 0 0 0 
242 204 241 211 185 92 128 197 230 199 239 134 141 194 100 60 
218 72 244 147 164 116 88 138 59 71 17 200 10 117 5 234 
184 129 81 92 246 170 231 49 241 248 250 251 109 255 229 73 
9 234 105 255 148 80 48 134 72 42 129 181 41 103 254 145 
79 42 112 227 122 161 105 194 203 235 119 245 82 118 134 87 
180 192 160 47 97 9 241 45 244 105 34 70 223 168 157 48 
70 141 220 167 151 205 212 139 54 246 210 21 159 111 70 126 
237 167 156 132 116 112 15 171 103 225 192 6 81 6 132 12 
2 4 202 118 117 218 33 220 187 226 226 12 232 102 25 178 
5 229 30 122 191 63 86 123 33 56 135 10 158 160 188 154 
134 83 252 69 146 82 192 180 138 72 190 41 232 122 195 75 
65 106 7 212 189 200 136 71 16 70 112 248 192 52 67 239 
114 11 8 47 211 144 119 227 214 231 219 150 27 31 133 246 
152 145 161 107 33 24 78 247 0 42 141 27 73 18 17 183 
88 206 146 122 231 225 113 231 11 255 2 84 17 20 11 253 
168 235 126 143 204 239 118 215 238 120 43 0 140 55 253 198 
