2 1 5 0 0 0 0 0 0 0 0 0 0 0 0 0 
255 209 72 133 109 75 38 179 177 12 190 135 66 90 143 244 
162 132 221 15 207 3 194 128 15 129 7 81 219 150 69 122 
165 226 101 116 230 39 245 245 168 252 71 132 147 140 254 3 
79 13 132 53 52 121 42 221 118 113 97 9 254 95 12 11 
247 131 224 43 252 10 8 114 124 105 123 122 201 136 133 53 
132 99 175 129 110 184 243 234 33 111 100 234 247 233 31 22 
237 75 240 91 3 228 69 37 83 169 15 74 146 47 96 211 
89 192 9 93 164 78 130 247 247 145 65 137 192 161 92 19 
241 248 231 149 70 105 140 61 251 205 198 187 110 34 207 246 
217 196 202 32 45 86 93 40 35 36 228 145 70 179 135 106 
229 33 69 19 119 162 59 154 198 31 43 13 210 178 119 108 
214 206 170 78 112 230 232 55 5 20 68 216 198 187 68 77 
250 117 26 107 91 3 162 97 23 230 57 221 161 125 42 237 
182 151 146 18 154 52 115 177 26 172 142 187 41 185 168 31 
52 126 12 206 178 127 127 204 43 13 135 84 198 47 115 79 
15 114 83 193 241 210 141 28 223 20 112 166 67 227 245 175 
