2 1 5 0 0 0 0 0 0 0 0 0 0 0 0 0 
159 218 59 147 22 58 73 169 227 254 178 70 88 209 60 87 
112 128 14 135 187 87 48 158 85 227 228 174 180 32 5 86 
13 12 138 200 99 187 102 185 158 74 103 82 107 108 168 16 
108 151 211 207 82 57 136 240 131 239 66 238 92 234 254 171 
31 88 4 113 145 141 97 20 124 163 3 216 141 1 131 132 
65 36 135 210 177 232 230 45 139 233 6 24 235 137 156 111 
83 231 165 4 207 139 49 90 117 55 114 96 193 14 207 174 
136 1 23 87 140 73 177 1 128 35 97 65 49 49 239 138 
35 230 77 176 47 254 177 176 33 19 241 82 68 225 220 53 
153 212 26 201 210 203 121 243 222 106 69 34 75 33 87 37 
134 145 53 88 92 174 75 59 24 144 93 100 178 181 137 151 
76 121 165 168 39 241 227 63 129 65 163 51 246 44 203 204 
246 208 149 29 193 121 92 66 186 0 118 176 44 65 124 39 
137 61 60 74 182 152 140 112 152 2 32 197 67 157 236 250 
108 175 153 35 71 38 147 224 40 180 165 108 81 145 102 133 
146 143 210 217 181 102 185 221 26 94 73 107 239 175 240 254 
