2 1 5 0 0 0 0 0 0 0 0 0 0 0 0 0 
33 67 191 18 21 76 46 244 96 158 154 163 129 144 83 19 
67 178 222 88 255 13 77 95 171 231 3 45 119 86 64 150 
115 108 89 114 121 166 209 36 142 212 81 5 42 146 156 166 
244 46 223 109 213 177 146 99 133 227 104 176 117 4 86 53 
74 182 76 31 103 222 130 237 194 235 157 55 239 243 108 250 
208 7 146 55 229 21 36 167 0 193 223 239 180 75 234 170 
47 253 39 20 18 75 188 18 13 155 1 193 230 235 108 103 
89 81 9 107 156 197 125 169 96 127 107 71 106 215 174 104 
229 153 121 129 95 247 43 191 118 150 6 224 109 180 72 173 
31 18 92 126 9 135 62 127 29 68 96 138 249 168 55 173 
219 253 242 229 132 48 100 162 117 196 44 110 109 100 27 100 
48 68 225 181 116 69 87 233 10 131 87 119 231 114 219 155 
116 154 122 232 224 209 210 234 85 41 97 60 156 60 216 159 
234 165 222 202 118 176 180 203 217 21 8 117 81 224 20 75 
39 215 131 158 135 55 105 96 76 113 214 158 81 234 233 39 
45 175 85 180 231 190 20 51 48 234 209 129 213 187 169 116 
