2 1 5 0 0 0 0 0 0 0 0 0 0 0 0 0 
229 90 125 52 198 44 24 207 231 217 117 239 202 232 103 51 
106 45 58 48 89 82 255 65 43 117 48 245 93 152 41 71 
72 64 56 162 146 55 227 190 172 19 179 9 171 220 81 141 
191 128 19 82 183 246 16 100 9 195 109 181 160 190 66 5 
173 48 71 101 38 87 201 48 26 54 229 186 245 39 192 29 
136 68 229 175 155 174 223 182 229 196 112 218 235 48 247 2 
18 187 38 174 106 5 100 79 201 212 41 180 5 32 183 201 
26 21 20 132 26 120 211 227 77 252 151 82 29 78 27 21 
170 13 142 196 134 97 167 211 94 63 37 123 141 64 144 176 
35 161 112 169 2 24 124 96 87 161 219 228 225 108 148 211 
122 186 214 125 210 82 221 41 244 185 13 213 37 162 169 36 
128 68 177 82 151 142 123 139 71 137 96 108 43 9 145 229 
117 217 86 12 104 210 151 175 91 247 28 134 1 173 107 30 
57 89 232 161 43 127 80 134 119 108 12 120 25 119 150 199 
170 149 222 213 20 47 92 139 155 104 3 181 224 153 124 4 
228 99 237 249 146 73 132 45 177 136 226 145 33 95 149 207 
