2 1 5 0 0 0 0 0 0 0 0 0 0 0 0 0 
234 74 96 209 61 223 23 71 108 174 39 149 33 16 176 6 
226 137 25 31 104 48 103 213 223 142 106 0 158 27 6 8 
101 106 173 206 154 20 163 121 162 13 121 64 40 127 72 113 
40 239 211 195 3 118 60 165 132 182 229 172 53 45 29 245 
23 147 224 26 10 29 192 142 211 165 58 8 211 88 253 128 
196 216 29 206 245 221 92 200 130 150 208 85 238 206 214 119 
248 212 151 237 177 243 181 51 137 134 137 120 84 95 239 102 
34 178 3 211 165 184 7 46 62 144 166 146 239 149 249 9 
242 147 131 151 76 138 197 138 26 108 29 9 1 22 19 172 
255 24 106 75 162 48 214 189 156 243 198 157 9 217 73 44 
186 19 112 92 67 70 25 223 57 224 125 66 185 198 110 52 
29 1 65 96 71 91 64 128 59 189 194 244 131 48 40 4 
174 172 126 245 7 190 117 66 123 55 55 255 103 95 3 220 
36 20 188 43 211 49 110 78 104 165 77 208 4 80 172 61 
174 57 47 129 106 157 207 211 66 29 163 71 109 79 132 23 
152 197 80 2 98 32 213 165 61 120 236 170 200 112 194 172 
