2 1 5 0 0 0 0 0 0 0 0 0 0 0 0 0 
217 229 176 122 66 144 109 102 83 95 67 63 57 243 91 12 
24 202 75 90 90 184 192 174 24 4 237 81 247 73 94 247 
16 52 100 106 236 36 24 4 40 6 86 31 79 180 22 29 
115 253 134 96 34 158 100 74 164 186 106 243 110 128 17 248 
173 86 220 207 245 65 25 153 251 131 141 106 4 158 98 26 
20 237 82 9 46 108 163 42 239 48 148 243 206 246 14 114 
61 225 51 108 77 214 150 61 6 42 48 212 32 62 70 194 
2 37 157 79 251 51 140 1 93 189 213 126 251 27 64 151 
38 29 57 33 81 197 35 174 130 248 44 126 20 109 21 114 
99 40 205 180 238 240 99 112 232 143 238 252 252 3 111 157 
37 201 34 19 185 133 131 162 21 114 158 17 117 13 175 223 
167 196 207 97 74 83 3 95 197 161 112 58 175 31 26 77 
169 33 187 243 116 190 82 57 96 195 115 15 226 141 92 128 
152 117 199 12 51 26 69 147 221 185 162 191 70 255 64 84 
52 86 151 103 112 220 251 77 149 157 12 220 156 76 48 204 
242 114 113 98 79 108 175 228 9 187 192 166 8 241 114 120 
