2 1 5 0 0 0 0 0 0 0 0 0 0 0 0 0 
0 133 120 136 9 240 8 20 131 152 210 225 247 51 26 209 
206 214 127 215 198 136 236 74 32 190 43 24 241 69 233 9 
138 150 245 80 30 225 154 62 159 198 86 144 11 63 153 27 
22 6 73 52 231 227 115 134 169 201 22 181 9 175 208 124 
164 171 79 139 143 194 17 56 139 39 237 148 214 190 17 131 
162 93 253 49 31 14 105 170 53 87 63 11 21 80 143 41 
155 67 243 186 81 93 101 134 180 164 145 201 244 32 242 49 
94 52 81 175 145 182 53 69 90 199 14 78 231 0 128 233 
161 102 34 50 29 87 119 119 30 133 198 6 133 70 239 171 
106 145 207 135 232 70 254 7 203 196 13 81 10 252 252 110 
158 126 102 135 197 101 142 144 41 155 225 52 151 222 162 188 
158 128 212 99 229 98 243 15 253 213 67 149 179 229 81 90 
14 49 227 243 147 215 2 145 172 69 38 95 42 119 185 212 
48 35 72 195 250 74 84 166 144 122 5 186 242 191 142 138 
112 120 144 106 195 228 17 83 95 22 13 81 213 156 219 9 
105 2 226 44 231 243 127 70 10 141 151 223 41 114 233 27 
