2 1 5 0 0 0 0 0 0 0 0 0 0 0 0 0 
121 104 93 243 127 232 162 21 216 191 51 213 94 131 40 194 
218 17 29 90 249 192 111 209 127 162 166 221 37 206 159 65 
189 189 142 182 125 254 136 252 160 46 218 198 253 121 7 180 
70 173 146 195 171 26 192 76 72 154 18 69 19 25 250 17 
68 38 21 239 64 213 59 136 111 77 206 131 103 200 148 217 
122 137 231 186 94 34 67 206 112 17 81 215 217 229 176 245 
116 98 233 210 132 44 160 244 61 241 203 22 215 123 11 1 
252 101 102 129 145 7 117 207 248 65 229 207 188 241 208 228 
102 88 169 247 95 31 198 88 96 172 39 28 157 248 0 167 
59 126 31 155 157 229 243 253 145 26 26 46 18 26 213 115 
194 121 249 95 94 236 93 240 6 119 30 25 145 244 140 248 
41 187 29 135 167 122 119 173 241 150 198 131 138 83 123 208 
83 50 225 250 173 89 167 158 239 110 33 121 193 156 73 22 
62 54 40 235 143 208 137 126 62 171 247 255 71 64 21 18 
201 241 241 88 193 123 214 255 38 205 254 109 14 19 128 240 
29 91 250 223 214 208 222 252 158 221 106 172 240 234 156 54 
