16 16 1
175 29 3 39 238 79 234 45 248 167 140 229 119 167 122 234 
224 103 100 206 183 78 252 175 245 136 148 108 47 14 87 33 
220 105 184 147 183 180 66 172 60 214 25 107 228 112 141 190 
104 158 221 31 82 31 203 143 246 228 250 218 84 135 153 12 
5 219 176 87 251 124 230 241 96 225 203 181 104 100 193 113 
81 55 174 76 179 149 61 19 118 9 200 222 109 138 80 188 
223 76 125 146 225 186 166 87 195 110 53 49 248 133 237 173 
187 195 17 156 125 183 243 65 37 41 114 30 174 95 203 244 
201 149 169 71 76 156 136 114 197 250 144 116 89 91 104 70 
252 194 249 72 94 129 186 36 123 74 152 212 165 0 27 167 
98 181 227 193 54 157 229 177 232 125 133 141 125 160 53 130 
47 166 12 101 68 241 22 44 110 155 185 235 60 238 110 194 
218 79 84 30 64 106 74 174 5 4 154 65 242 8 3 52 
110 217 20 175 67 95 93 72 99 247 138 85 255 141 137 114 
235 38 102 46 133 196 119 232 187 1 61 187 142 199 45 39 
58 114 43 191 54 162 167 241 163 228 172 50 171 217 89 4