256 256 1
53 244 252 134 87 35 120 165 61 90 131 124 84 176 145 43 
88 126 233 176 162 97 85 223 188 216 91 16 137 237 59 164 
173 47 98 79 145 183 46 77 143 138 93 24 119 152 189 140 
177 24 229 66 207 20 143 94 158 236 119 21 132 52 161 38 
58 109 35 9 129 178 104 31 158 223 52 34 19 214 72 144 
205 5 216 78 184 64 110 86 31 162 121 50 120 193 194 87 
72 168 97 0 232 207 87 8 114 208 58 234 145 253 66 223 
20 184 74 253 136 161 5 250 113 63 228 3 60 38 226 169 
83 88 69 219 249 74 213 107 137 186 110 198 224 80 111 61 
3 124 74 253 198 32 104 80 218 214 22 186 38 133 248 96 
23 47 215 222 79 63 46 41 21 68 227 59 201 219 155 99 
245 85 190 68 148 236 109 169 48 80 228 249 44 127 92 202 
89 129 22 237 110 131 150 158 212 122 152 0 249 244 202 177 
23 143 45 133 19 195 36 231 61 188 231 54 176 177 232 23 
141 38 106 160 233 142 135 38 74 110 92 251 31 68 18 188 
61 233 74 38 120 209 76 194 63 168 189 94 237 207 27 149 