2 9 1 0 0 0 0 0 0 0 0 0 0 0 0 0 
255 0 0 0 0 0 0 0 0 0 0 0 0 0 0 0 
11 71 217 42 30 180 39 146 252 140 248 84 210 50 193 246 
169 37 47 120 200 140 56 135 78 30 168 224 214 207 96 225 
23 57 12 53 238 51 200 234 192 192 62 146 242 255 136 155 
37 183 19 237 68 75 117 146 106 29 114 64 237 210 33 4 
12 45 57 250 97 1 228 33 193 35 179 179 34 59 78 71 
243 98 53 55 173 170 201 23 199 59 87 180 13 121 184 25 
166 242 19 7 243 248 40 181 27 219 104 61 23 183 133 10 
25 186 65 198 100 10 222 43 69 53 224 82 174 152 108 85 
138 127 92 126 119 133 51 146 96 155 208 119 82 85 129 107 
15 194 50 115 204 16 158 17 69 126 100 244 23 208 73 161 
79 165 31 199 42 82 89 139 238 41 2 64 126 132 172 141 
70 222 0 19 238 159 36 51 29 136 39 52 88 112 214 168 
