2 9 1 0 0 0 0 0 0 0 0 0 0 0 0 0 
191 248 1 85 131 215 226 255 146 118 234 28 83 24 209 80 
254 229 203 253 192 32 214 207 25 54 16 245 155 168 172 90 
160 173 176 35 132 146 35 22 9 13 50 92 37 3 172 35 
233 119 32 169 151 247 121 176 45 137 165 201 49 82 35 210 
255 211 245 132 102 24 154 111 37 205 203 74 208 119 110 185 
238 142 99 134 133 220 54 179 101 220 124 150 46 159 104 45 
115 94 177 217 118 76 72 156 25 19 230 233 138 84 163 120 
227 6 254 104 226 53 27 71 17 151 221 63 55 70 108 170 
164 30 131 26 106 203 182 131 222 157 108 104 241 15 224 212 
21 223 61 247 20 88 62 37 240 28 100 39 98 208 209 6 
238 84 32 88 31 215 219 253 116 72 101 101 87 69 58 109 
36 119 100 56 207 163 93 191 191 193 230 33 146 183 39 128 
