2 1 5 0 0 0 0 0 0 0 0 0 0 0 0 0 
171 233 191 74 248 37 159 129 162 202 188 248 221 249 167 196 
66 209 171 58 246 74 188 152 20 120 144 241 113 56 181 27 
99 209 108 89 27 40 242 48 160 130 33 18 186 215 45 164 
137 83 220 164 124 206 212 28 80 246 46 11 205 91 175 12 
216 190 103 84 140 59 113 220 49 159 231 254 251 150 11 96 
167 86 234 51 146 91 16 195 250 247 194 245 142 205 85 27 
176 218 92 66 53 108 6 48 99 200 37 241 149 123 12 21 
2 42 146 56 150 152 104 250 96 141 235 245 8 248 10 91 
89 152 133 240 48 237 234 144 123 213 133 131 205 144 223 158 
24 217 193 73 199 171 217 66 128 95 197 78 239 164 236 135 
33 238 68 232 153 29 42 26 124 239 104 107 148 84 242 16 
161 163 79 58 193 121 84 61 105 188 169 253 16 155 13 253 
76 36 193 13 157 22 75 6 210 244 3 227 143 16 224 210 
176 104 232 77 126 51 84 81 39 87 52 183 104 20 137 188 
81 70 192 207 122 20 32 161 108 84 88 212 105 225 144 122 
46 92 22 168 112 54 73 220 139 162 176 244 131 64 110 70 
