2 1 5 0 0 0 0 0 0 0 0 0 0 0 0 0 
141 46 109 219 205 177 213 198 38 98 76 254 181 132 255 38 
162 209 67 111 130 24 54 168 122 130 166 47 6 166 85 240 
24 96 200 154 120 254 66 242 128 233 34 134 143 119 118 254 
187 179 223 52 177 34 38 50 11 72 184 154 192 47 152 106 
35 111 215 212 145 254 6 156 70 191 54 6 238 206 113 10 
65 18 75 211 16 82 111 86 17 166 93 255 116 206 9 197 
144 137 108 160 219 220 247 236 130 84 235 246 34 244 188 148 
122 8 111 85 228 102 65 102 186 44 93 220 32 25 112 241 
198 118 224 171 220 33 17 150 77 110 114 109 135 226 94 140 
9 20 24 229 53 42 123 130 152 237 240 32 207 78 172 1 
188 134 38 241 176 161 116 72 142 100 104 93 178 21 94 31 
196 65 144 116 226 4 188 112 104 37 205 26 58 44 57 7 
245 26 194 216 30 126 72 134 163 22 160 221 66 218 229 117 
81 130 235 111 0 52 245 164 74 150 129 140 112 102 1 104 
90 212 114 90 8 104 254 82 254 128 222 110 230 223 214 56 
231 176 10 239 24 8 65 22 136 31 132 111 254 90 167 0 
