2 1 5 0 0 0 0 0 0 0 0 0 0 0 0 0 
150 92 170 42 219 147 239 128 143 182 212 182 34 240 187 114 
148 54 141 111 201 124 239 88 51 196 15 85 180 202 199 17 
70 144 62 15 12 45 104 63 241 119 149 166 65 92 183 119 
208 201 124 221 246 228 28 232 91 177 142 156 14 69 19 254 
124 163 35 115 136 64 91 227 241 233 128 255 46 147 253 190 
122 38 32 2 102 123 230 88 100 102 87 146 249 85 80 248 
167 175 153 13 42 127 101 142 229 189 32 222 18 113 214 78 
191 18 200 234 145 46 120 118 235 153 85 253 10 43 75 228 
240 122 166 129 168 31 248 147 184 77 144 194 120 219 166 91 
54 227 1 222 2 249 114 186 70 2 124 191 222 34 26 241 
252 209 30 254 203 144 184 17 146 52 208 112 86 234 98 89 
224 132 83 171 20 11 188 167 63 141 23 150 119 121 239 165 
121 84 143 141 95 76 52 159 217 76 53 80 197 36 246 96 
5 79 215 100 155 12 3 116 88 56 196 29 92 186 125 250 
71 255 226 226 11 229 86 99 30 26 129 122 213 254 117 50 
154 250 227 165 224 57 9 254 83 138 120 40 136 237 91 45 
