2 1 5 0 0 0 0 0 0 0 0 0 0 0 0 0 
112 102 201 183 157 180 13 192 66 50 215 215 139 188 220 188 
234 201 221 135 125 235 71 192 29 30 151 168 218 115 100 103 
111 51 119 236 30 190 172 59 220 67 227 182 183 71 29 89 
170 237 234 200 171 151 3 135 218 230 61 145 45 91 234 69 
28 130 51 200 25 54 79 244 29 141 133 74 232 112 144 163 
81 164 210 106 218 34 94 247 175 228 66 151 84 210 58 119 
114 220 48 76 254 142 68 173 114 134 68 198 88 126 61 153 
208 236 224 206 122 36 123 237 170 191 179 2 62 241 156 206 
5 80 191 127 117 59 108 31 250 32 34 56 17 190 7 139 
50 30 12 167 89 120 199 83 152 233 140 169 167 147 52 109 
108 184 169 197 49 112 25 201 89 165 115 0 56 167 109 65 
205 7 228 254 119 253 200 208 162 59 208 218 226 62 27 158 
51 30 6 171 27 206 123 190 9 76 152 235 138 180 138 78 
248 235 32 19 185 156 209 194 232 106 173 114 30 55 192 19 
81 34 123 10 190 77 204 166 183 122 24 213 177 216 232 3 
1 81 66 191 158 15 101 85 137 125 42 58 85 19 61 175 
