512
104 225 138 121 11 158 2 27 91 146 110 170 108 226 41 71 
78 84 122 89 242 124 116 78 14 226 248 123 196 33 194 235 
125 51 92 111 176 208 189 190 179 181 57 119 214 251 99 45 
69 51 192 245 4 125 180 183 51 237 46 9 233 145 54 135 
211 0 208 215 126 132 142 177 113 189 186 90 78 241 226 90 
200 210 197 70 86 84 247 200 17 177 34 95 162 4 186 142 
63 71 123 150 155 114 94 172 35 128 11 198 133 197 84 146 
116 250 4 15 108 98 187 144 226 198 86 103 140 170 249 241 
237 190 93 89 32 24 233 3 222 63 106 106 233 100 91 52 
161 81 150 193 105 128 196 71 191 47 178 169 147 13 221 10 
208 55 116 57 183 57 129 119 104 51 32 251 64 253 5 175 
216 75 11 143 132 140 6 236 191 38 231 0 35 236 175 27 
197 131 232 73 16 238 54 207 21 29 207 56 10 126 83 199 
232 142 30 248 124 84 199 145 113 151 202 123 21 29 67 30 
139 30 182 7 114 126 153 228 21 99 95 42 128 162 72 29 
201 159 30 60 29 183 32 50 26 127 93 155 34 165 184 20 
254 203 188 27 130 220 78 157 92 171 56 126 80 240 146 209 
101 22 53 232 242 131 133 78 46 189 204 126 173 94 80 179 
133 30 176 119 161 53 198 207 242 146 77 160 241 157 83 36 
132 37 122 37 90 64 244 77 210 65 237 195 223 64 231 129 
156 63 117 247 127 105 68 81 171 49 21 138 113 252 11 179 
138 210 253 9 59 65 91 230 114 112 112 227 108 123 150 246 
217 220 109 20 29 200 251 143 56 107 114 164 231 8 155 171 
170 44 43 199 244 38 86 44 145 200 208 120 209 107 35 95 
207 142 130 195 180 217 239 70 161 192 190 114 43 226 210 192 
70 223 158 251 184 141 65 89 77 255 204 121 225 158 57 213 
243 61 10 171 202 75 4 24 75 208 145 44 110 202 1 43 
124 145 5 71 220 9 95 39 218 240 84 72 186 85 116 187 
46 245 200 10 254 39 50 216 23 134 33 209 219 149 140 1 
83 129 102 81 168 152 42 191 30 75 144 250 224 29 251 201 
89 160 219 1 57 5 192 87 80 81 81 48 110 77 250 88 
38 203 129 95 209 65 182 33 146 8 82 0 85 76 88 231 