512
39 53 225 44 64 93 237 125 172 28 51 178 152 108 202 0 
86 163 23 151 0 4 20 172 32 72 95 185 180 41 185 2 
158 122 196 159 127 216 75 159 32 170 88 213 211 18 215 80 
12 250 38 139 211 114 42 243 28 131 200 240 149 160 64 218 
235 8 229 190 122 16 178 151 147 122 135 40 26 199 2 238 
13 159 76 135 175 254 30 66 121 165 106 147 109 109 129 53 
101 160 25 20 159 56 87 24 221 193 171 74 46 45 127 110 
74 19 5 233 75 92 1 40 30 173 115 76 218 242 186 78 
119 97 29 194 189 31 234 219 204 93 40 166 80 226 244 61 
110 250 204 44 25 182 7 229 20 47 139 100 18 127 161 179 
247 209 219 17 135 226 246 155 18 130 255 36 1 160 215 210 
189 138 44 69 108 34 224 126 164 224 162 166 128 121 120 88 
8 127 12 117 162 237 243 70 205 150 236 77 15 100 166 212 
157 79 147 63 60 134 133 9 28 114 87 44 214 253 0 190 
242 219 92 46 98 226 56 126 84 143 170 42 140 171 233 23 
129 21 66 227 247 122 97 75 9 12 117 149 183 94 172 128 
5 212 180 252 79 22 71 88 34 189 238 217 27 154 89 25 
51 4 175 130 26 247 218 60 180 200 21 207 99 111 233 200 
162 2 166 188 249 128 249 173 73 14 125 172 125 102 116 2 
66 141 61 60 14 54 233 87 69 102 3 194 204 119 197 80 
138 72 239 152 127 217 239 196 63 242 134 12 105 75 92 6 
196 134 142 67 95 125 7 158 111 141 170 217 217 7 223 99 
142 41 238 237 167 245 140 22 130 54 239 91 61 206 191 22 
149 17 77 60 6 217 82 137 15 66 228 77 16 163 99 187 
243 31 252 250 248 79 131 7 145 103 84 161 11 184 92 218 
189 54 207 181 133 82 188 22 185 17 183 196 201 20 159 15 
0 208 224 133 34 157 155 220 174 83 160 119 103 63 134 90 
38 84 64 72 241 220 36 159 47 197 22 150 4 157 240 129 
233 205 74 219 169 110 122 216 51 145 110 56 46 94 185 92 
234 69 164 147 180 31 107 231 176 217 31 222 55 216 58 138 
146 158 235 70 189 86 46 109 47 77 75 102 38 133 240 127 
234 67 46 168 153 92 21 200 169 97 46 207 230 30 79 12 