2 1 5 0 0 0 0 0 0 0 0 0 0 0 0 0 
65 25 63 35 51 74 115 190 99 225 45 92 134 19 184 81 
124 235 211 175 53 70 109 152 39 155 244 173 174 172 255 190 
121 134 237 174 204 90 71 243 245 59 160 164 232 159 98 245 
150 123 0 98 214 71 85 203 131 246 111 107 149 210 96 198 
176 68 88 134 139 174 82 14 164 193 121 57 147 218 255 100 
195 234 157 79 152 239 93 60 176 215 117 68 177 117 168 32 
228 42 36 124 25 129 184 201 88 45 13 9 162 182 41 124 
156 122 122 181 251 50 126 84 96 140 93 2 66 135 126 156 
164 243 122 159 37 248 243 133 132 81 136 198 216 6 98 221 
109 50 132 147 42 120 24 175 201 160 117 161 167 216 126 179 
121 168 239 164 32 7 83 233 168 200 138 79 160 8 2 98 
148 107 43 180 115 126 157 27 71 39 106 231 47 108 73 247 
142 80 37 1 207 194 28 22 233 134 253 25 242 71 16 5 
14 51 13 221 245 41 243 223 175 240 248 161 55 8 166 20 
178 236 82 168 21 69 135 196 54 127 101 109 135 12 129 50 
178 52 144 199 121 23 139 175 150 240 29 29 252 158 80 83 
