2 1 5 0 0 0 0 0 0 0 0 0 0 0 0 0 
16 97 146 222 49 221 42 189 91 205 98 25 110 99 171 176 
13 145 156 63 110 199 252 201 148 94 226 3 193 142 179 61 
48 255 52 159 198 49 104 90 143 75 93 81 217 16 142 82 
209 149 101 151 198 205 241 85 24 79 166 241 95 53 67 246 
111 100 251 53 50 237 138 74 60 49 60 155 102 127 145 22 
217 164 85 11 145 223 86 205 16 146 104 118 17 250 141 213 
90 126 135 235 94 221 184 110 111 32 229 129 26 114 86 254 
5 6 135 99 227 63 210 83 95 183 212 122 41 42 120 197 
12 233 65 240 40 19 67 136 202 23 2 243 65 122 184 229 
193 191 163 234 210 230 114 156 253 116 143 62 238 71 35 92 
200 166 76 154 140 190 55 138 50 198 200 32 14 236 124 135 
18 149 146 159 83 201 41 133 143 241 166 157 221 34 37 113 
220 162 164 48 107 205 181 251 190 91 152 156 126 189 13 12 
171 74 68 22 23 249 17 214 85 170 114 211 103 127 223 117 
86 197 73 110 191 90 68 20 4 182 231 108 53 198 225 232 
100 153 193 35 243 5 55 248 187 30 100 240 228 69 216 150 
