2 1 5 0 0 0 0 0 0 0 0 0 0 0 0 0 
82 77 92 187 187 208 68 50 75 239 157 70 161 56 3 158 
126 107 51 57 59 119 108 134 103 9 204 8 65 207 167 43 
22 230 134 82 93 242 216 196 251 165 205 61 116 116 104 85 
1 16 9 95 2 226 35 254 135 240 59 251 100 163 81 243 
35 240 123 38 210 158 36 89 143 95 84 243 2 165 230 83 
80 3 185 34 162 221 123 49 60 207 36 62 117 11 146 35 
236 153 130 142 118 253 191 178 204 227 240 65 238 130 101 30 
54 226 40 172 223 231 94 172 203 79 237 185 209 82 215 162 
86 178 166 53 154 4 225 101 83 207 30 37 33 246 199 134 
196 109 30 94 114 255 195 197 206 226 234 240 216 178 118 175 
231 109 59 89 108 255 30 59 225 9 43 185 187 161 104 73 
189 229 189 41 228 219 100 197 228 143 126 159 48 231 233 197 
215 37 145 188 1 245 129 229 133 0 133 181 231 110 122 223 
75 245 149 76 235 23 49 112 23 182 37 254 36 160 221 171 
29 65 176 8 88 225 120 111 152 158 109 188 62 74 103 139 
174 96 18 6 65 139 117 217 41 226 150 103 44 253 242 243 
