2 1 5 0 0 0 0 0 0 0 0 0 0 0 0 0 
211 185 117 45 177 222 239 243 210 157 98 100 84 10 203 202 
2 169 195 179 135 179 166 90 80 9 190 165 19 137 111 16 
249 154 67 128 77 234 218 157 243 153 66 6 34 178 23 30 
155 164 196 232 142 158 133 129 55 200 135 90 122 158 120 97 
187 56 20 73 214 154 202 14 98 81 104 220 240 224 61 254 
248 66 223 207 220 169 221 62 250 69 26 234 37 87 232 169 
35 242 200 0 155 165 62 150 234 89 128 15 176 105 185 82 
142 34 117 42 199 180 192 178 13 64 193 189 169 122 16 116 
147 237 85 91 161 21 13 174 85 206 107 255 73 123 115 77 
74 79 63 235 100 76 153 186 26 4 185 99 128 44 177 54 
234 94 175 79 170 72 9 197 77 194 40 205 238 217 3 15 
248 168 41 163 240 50 104 61 244 144 10 226 106 13 242 175 
128 141 152 112 191 0 174 179 145 184 149 251 198 135 170 27 
151 155 35 86 156 209 9 45 137 159 40 79 38 210 107 4 
154 177 75 54 130 85 99 11 244 139 91 26 93 198 30 107 
4 152 139 134 237 238 145 225 121 236 252 214 178 26 65 168 
