2 1 5 0 0 0 0 0 0 0 0 0 0 0 0 0 
28 151 216 9 133 106 235 255 86 231 213 9 1 23 177 14 
190 6 245 67 112 224 66 199 199 24 208 201 47 129 215 130 
96 206 195 209 174 6 152 118 30 104 63 77 233 22 207 152 
9 210 19 183 216 171 45 246 19 108 67 253 130 19 149 202 
183 242 202 144 157 247 134 177 100 202 174 230 221 67 177 121 
223 144 79 125 135 213 46 235 159 220 210 124 31 131 246 171 
244 53 143 124 10 189 103 170 153 57 38 184 188 28 99 198 
114 216 33 125 149 137 39 46 194 77 230 127 106 74 69 236 
235 33 36 128 170 75 174 109 152 148 236 2 222 49 238 60 
32 65 106 202 140 24 55 37 172 35 39 139 85 22 199 85 
213 69 57 98 93 113 135 10 148 174 149 233 196 92 63 120 
47 192 207 140 49 86 150 197 5 43 175 201 136 238 65 87 
6 75 11 55 162 161 252 167 205 171 112 85 153 178 172 171 
80 125 227 242 31 224 153 236 139 10 65 37 188 237 208 213 
125 6 206 156 230 104 136 114 114 201 151 46 183 103 3 54 
177 115 83 152 219 220 10 77 165 161 123 92 8 126 146 37 
