2 1 5 0 0 0 0 0 0 0 0 0 0 0 0 0 
118 242 167 251 75 161 203 93 176 219 217 175 127 68 214 72 
253 114 197 72 19 144 165 195 108 127 114 235 195 73 51 150 
251 53 88 14 197 254 210 49 125 68 28 64 141 80 214 144 
231 111 44 172 109 254 222 234 67 250 42 208 74 1 96 67 
14 164 13 123 163 235 102 230 230 144 182 48 145 23 116 44 
132 74 121 39 54 223 13 28 112 196 76 1 219 192 46 150 
162 98 209 216 65 222 244 177 162 64 179 125 1 225 19 249 
203 138 42 12 104 30 190 11 95 113 136 96 82 156 89 117 
4 58 129 109 89 63 120 184 176 0 24 2 156 113 119 43 
182 244 186 15 51 50 199 227 51 223 229 207 80 93 250 228 
33 107 69 84 158 12 56 209 235 29 160 59 122 155 31 196 
69 72 100 227 84 156 180 63 185 84 122 52 239 154 248 218 
85 86 146 169 242 70 232 171 154 99 223 138 253 216 100 245 
221 60 197 207 130 173 123 28 16 90 166 13 50 10 3 178 
14 48 211 144 221 78 172 238 169 83 251 219 93 254 142 245 
246 242 251 211 64 167 193 233 250 189 197 88 187 83 77 85 
