2 9 1 0 0 0 0 0 0 0 0 0 0 0 0 0 
31 235 143 155 11 129 196 58 232 158 21 198 233 185 194 1 
45 208 91 81 146 254 38 7 37 178 163 157 122 134 173 154 
113 60 53 124 190 249 182 166 152 203 108 129 132 47 130 177 
255 221 2 145 219 40 153 0 219 60 158 85 194 75 239 51 
136 37 176 70 30 102 236 182 50 88 55 182 135 185 104 135 
150 106 24 114 147 177 114 110 238 16 195 176 92 179 228 228 
216 148 42 246 250 22 173 44 110 228 227 246 158 75 125 52 
181 149 166 72 71 25 182 53 41 122 229 133 45 201 105 5 
93 147 251 88 169 168 132 24 141 103 14 43 178 139 95 104 
32 6 176 103 31 103 156 72 225 130 206 14 75 55 19 169 
203 14 1 116 183 133 140 68 237 154 111 159 37 206 7 70 
212 184 173 243 31 74 60 0 204 10 14 23 65 33 192 12 
