2 9 1 0 0 0 0 0 0 0 0 0 0 0 0 0 
67 13 161 247 199 185 15 144 205 179 6 116 185 44 204 239 
28 4 61 205 15 172 151 15 144 130 176 4 89 84 35 156 
97 196 147 40 125 162 185 74 86 191 190 15 236 138 254 8 
143 59 213 158 231 108 173 119 238 94 124 72 178 159 228 19 
99 120 59 225 26 244 43 112 180 234 127 160 116 125 168 3 
184 126 161 159 234 79 23 217 173 147 33 95 50 5 114 149 
125 173 118 152 162 162 8 86 140 136 246 0 5 158 4 190 
28 165 93 7 244 116 224 161 7 1 0 57 6 114 207 132 
32 69 28 194 231 36 24 115 172 14 116 178 172 120 112 201 
29 205 208 18 66 176 179 73 177 180 131 183 38 82 59 70 
151 87 8 127 124 32 242 40 46 102 218 219 222 74 164 252 
24 116 14 90 36 193 163 213 117 38 140 156 120 200 226 16 
