2 1 5 0 0 0 0 0 0 0 0 0 0 0 0 0 
0 241 170 48 28 255 231 108 4 174 112 93 82 194 116 244 
240 78 165 12 77 140 120 81 58 233 175 140 171 35 129 241 
232 121 34 53 5 154 135 63 131 54 203 47 89 76 32 66 
205 192 211 210 90 90 17 222 144 220 13 234 41 45 44 21 
45 145 160 136 235 177 102 124 142 115 102 183 160 146 204 120 
24 209 85 4 130 187 128 16 46 230 199 207 120 147 71 177 
68 37 224 198 225 96 215 15 70 158 222 191 50 38 112 185 
199 177 19 168 17 234 184 88 137 150 23 187 188 135 116 175 
142 117 228 159 96 156 247 233 51 14 164 239 149 24 159 89 
48 242 37 144 143 28 121 194 43 29 177 192 53 80 26 66 
95 2 96 238 30 217 176 73 246 98 10 43 178 36 109 196 
128 80 159 159 41 79 232 31 177 242 74 100 22 183 40 223 
179 224 207 221 48 184 252 225 170 71 69 193 254 110 160 90 
198 18 46 246 202 42 215 116 113 29 53 112 139 213 202 47 
100 196 120 46 239 79 162 96 108 216 208 247 173 155 39 250 
130 216 146 113 40 53 210 148 13 162 140 186 61 179 180 67 
