2 1 5 0 0 0 0 0 0 0 0 0 0 0 0 0 
79 108 177 90 39 62 156 102 156 67 107 148 50 119 92 174 
92 108 204 131 170 104 234 71 171 85 219 221 204 55 139 99 
54 147 148 224 251 126 39 167 211 3 132 160 58 16 3 206 
240 75 87 235 202 127 146 157 130 23 61 188 39 64 139 109 
144 107 233 90 234 124 248 108 147 53 40 186 118 179 39 70 
254 231 25 232 99 17 84 246 70 125 176 188 48 215 3 173 
60 105 224 159 122 53 149 193 178 69 125 226 28 128 143 150 
218 183 237 85 236 130 22 158 199 147 128 227 20 16 121 187 
226 56 57 206 186 79 108 129 227 237 100 247 253 221 178 188 
19 224 41 205 47 150 78 18 131 178 9 128 144 187 60 128 
2 67 191 50 217 13 68 92 192 78 220 80 9 25 208 63 
46 33 139 7 46 207 100 238 29 64 62 39 89 14 102 85 
154 122 173 201 73 17 183 103 81 246 142 171 4 244 0 228 
158 163 41 231 180 224 78 5 214 220 176 219 209 177 191 74 
93 166 226 17 135 48 23 93 13 199 56 222 120 248 40 125 
165 87 68 44 135 91 137 148 34 194 114 155 186 154 24 1 
