2 1 5 0 0 0 0 0 0 0 0 0 0 0 0 0 
131 192 28 148 111 75 32 236 32 177 43 85 191 53 165 201 
224 177 74 79 252 106 60 29 27 103 114 218 156 23 164 83 
197 138 165 194 245 225 223 16 72 81 235 228 104 143 55 13 
145 133 92 134 102 59 150 174 140 129 147 244 16 202 1 38 
217 20 178 64 79 72 238 220 202 129 208 218 76 210 1 248 
255 101 127 79 174 110 43 120 239 251 82 59 205 83 52 177 
163 60 239 81 170 26 201 154 21 27 213 227 111 9 148 10 
143 217 155 57 243 100 211 9 128 169 236 239 178 128 249 122 
26 47 68 14 147 23 23 19 192 3 2 115 131 251 237 254 
41 0 150 188 23 173 208 216 176 210 75 51 206 56 49 54 
91 145 92 115 63 44 75 239 254 150 35 204 206 84 3 74 
223 71 111 30 115 186 13 114 80 48 62 30 133 65 104 132 
89 50 158 204 236 171 62 60 220 125 90 97 190 194 229 4 
229 56 169 209 228 232 13 192 101 103 33 35 42 6 39 152 
217 212 175 189 188 189 125 33 36 158 68 78 165 108 230 205 
93 23 85 25 212 211 58 249 113 127 71 22 235 46 227 163 
