2 1 5 0 0 0 0 0 0 0 0 0 0 0 0 0 
9 47 63 199 64 12 165 63 124 248 105 126 19 18 152 62 
84 21 128 148 33 37 212 157 29 61 27 49 79 179 111 149 
120 64 179 153 101 135 54 131 196 81 180 19 4 35 169 31 
235 250 184 80 130 238 211 70 63 135 90 67 170 3 98 199 
166 140 185 40 122 140 110 185 20 200 252 190 203 95 133 61 
136 151 130 3 35 240 188 55 185 185 246 132 24 123 193 160 
8 68 153 43 52 85 99 237 14 89 114 38 212 51 198 233 
155 153 174 208 238 17 189 253 106 47 35 62 99 234 39 150 
51 26 183 33 43 117 30 149 164 66 212 7 44 251 158 228 
212 84 16 255 201 46 149 109 112 105 117 156 100 19 128 232 
25 163 209 226 209 102 79 66 207 196 222 51 215 95 28 120 
231 231 91 184 77 171 250 28 111 217 79 71 56 107 191 45 
86 112 140 163 27 134 191 139 95 15 210 151 122 145 196 66 
236 25 2 8 159 193 147 255 208 101 150 75 246 91 141 82 
11 188 127 170 125 18 169 78 119 64 153 109 155 38 191 231 
27 252 118 153 15 32 231 134 96 128 244 251 166 179 226 134 
