2 9 1 0 0 0 0 0 0 0 0 0 0 0 0 0 
134 0 0 0 0 0 0 0 0 0 0 0 0 0 0 0 
95 135 84 254 212 53 250 63 165 175 51 172 172 254 21 113 
174 126 220 152 132 200 79 62 243 59 180 30 28 202 209 123 
81 37 121 38 90 115 101 0 35 152 172 207 150 193 64 69 
64 28 221 196 228 45 2 215 104 182 245 133 129 199 0 210 
236 122 248 71 237 94 71 16 246 243 223 141 180 31 210 244 
59 175 185 31 220 187 246 69 114 236 202 243 179 202 197 159 
68 190 230 50 28 45 66 18 32 34 159 213 65 113 201 125 
33 130 156 253 62 147 66 176 127 12 163 50 215 104 209 27 
38 184 77 66 229 144 85 6 178 244 219 243 102 164 112 135 
39 13 132 101 160 199 21 31 211 184 81 170 32 34 198 71 
218 19 137 192 163 222 198 85 211 161 73 57 69 185 192 108 
198 68 209 102 11 230 133 223 158 214 137 191 249 79 6 211 
