2 9 1 0 0 0 0 0 0 0 0 0 0 0 0 0 
121 0 0 0 0 0 0 0 0 0 0 0 0 0 0 0 
99 143 147 6 110 89 92 65 250 165 122 64 94 58 172 37 
126 126 139 138 100 17 105 3 231 242 194 224 66 200 180 165 
87 71 171 197 161 7 6 155 172 128 219 11 186 136 48 57 
6 187 195 106 204 44 109 180 30 47 148 96 247 72 5 79 
144 177 20 49 184 27 204 101 155 168 112 86 48 160 143 54 
91 82 160 40 126 14 220 156 61 112 253 53 185 2 132 73 
179 152 122 108 179 70 209 79 238 65 165 30 225 52 84 60 
134 245 100 4 3 64 160 64 177 157 117 106 160 249 179 83 
146 45 191 69 115 144 148 98 209 57 128 178 109 213 239 243 
202 83 247 205 148 152 13 69 53 131 175 213 124 98 41 14 
143 232 84 2 121 232 100 74 34 229 253 143 186 236 131 132 
63 122 81 211 18 94 24 72 225 199 29 94 41 70 108 184 
