2 1 5 0 0 0 0 0 0 0 0 0 0 0 0 0 
27 40 207 231 197 113 203 114 115 96 168 190 45 100 130 98 
21 10 140 219 123 87 77 239 183 245 173 228 89 47 70 178 
162 73 103 29 160 181 12 87 170 185 59 4 232 129 182 150 
125 9 67 29 190 80 116 104 9 175 108 242 48 34 136 225 
223 140 173 157 220 33 5 229 208 114 215 0 148 95 226 207 
77 111 244 41 144 250 15 96 108 230 97 0 70 67 207 19 
108 54 8 253 48 23 93 156 254 190 157 68 1 108 87 74 
93 234 166 141 2 3 42 0 194 199 68 195 51 155 13 72 
58 21 203 60 24 245 60 218 188 128 158 239 27 171 55 111 
154 195 157 178 184 217 141 116 90 43 99 117 214 155 228 218 
158 56 21 86 18 162 202 108 205 46 225 164 201 198 126 224 
184 114 33 202 20 235 54 226 25 23 134 226 221 4 195 210 
102 235 123 123 215 177 93 240 201 227 211 166 231 150 121 64 
157 99 146 116 21 239 100 222 210 55 132 185 205 253 249 229 
168 164 48 189 147 149 155 101 204 31 30 154 29 23 127 170 
115 75 82 6 224 237 107 173 12 137 71 41 160 198 211 221 
