2 1 5 0 0 0 0 0 0 0 0 0 0 0 0 0 
84 42 117 124 95 71 16 108 233 156 38 39 79 219 106 207 
250 224 102 89 39 118 197 17 19 236 56 98 199 162 49 112 
121 51 41 160 169 238 177 188 218 233 31 161 140 80 17 126 
167 225 140 80 207 62 13 170 39 44 75 179 124 93 49 135 
25 227 239 232 33 252 146 72 40 222 252 164 59 45 43 220 
83 218 119 116 214 10 189 254 232 185 162 35 230 206 255 137 
44 40 35 2 50 224 0 26 153 163 61 127 113 60 8 218 
203 226 251 253 194 251 23 91 158 84 219 15 144 227 233 193 
25 3 239 219 255 6 55 157 90 18 173 235 245 150 172 145 
143 114 51 142 120 106 44 211 124 217 190 113 111 106 2 234 
37 119 160 158 225 204 113 93 165 47 207 20 153 209 255 105 
18 4 167 244 208 24 81 117 71 32 137 225 242 136 74 24 
23 59 185 231 84 11 92 155 43 230 124 29 110 198 53 11 
34 111 36 118 122 128 18 165 102 142 195 213 85 248 224 205 
186 203 98 52 76 116 218 178 2 157 135 87 149 104 37 58 
80 136 139 156 252 101 78 254 2 214 86 152 62 123 210 234 
