2 1 5 0 0 0 0 0 0 0 0 0 0 0 0 0 
69 3 151 225 232 34 113 234 235 3 55 31 34 95 84 97 
5 118 253 237 152 110 215 131 113 14 163 147 110 247 245 251 
4 182 91 156 36 50 32 149 65 195 41 175 186 30 170 140 
181 248 240 218 42 16 111 107 211 152 26 141 182 196 25 156 
220 172 199 7 188 55 114 143 207 141 29 134 81 54 34 188 
176 33 160 109 88 18 252 39 159 25 173 241 80 207 173 119 
202 78 70 34 96 67 73 0 92 247 241 172 198 158 36 1 
254 75 202 94 142 19 94 235 10 79 151 209 237 187 210 64 
46 172 95 188 192 190 167 202 13 63 155 251 250 109 59 202 
202 53 75 138 243 243 85 1 50 240 252 44 94 55 246 157 
86 231 8 73 218 93 74 12 77 70 57 171 125 47 73 49 
63 177 119 26 14 194 38 91 8 95 7 134 143 80 183 227 
35 124 69 49 62 107 140 71 203 147 205 90 227 132 61 9 
182 248 23 245 99 164 60 46 55 9 136 27 141 197 36 83 
46 218 180 145 126 240 192 181 249 72 208 135 14 244 218 235 
113 13 28 239 253 220 164 247 36 117 126 50 105 88 29 179 
