2 1 5 0 0 0 0 0 0 0 0 0 0 0 0 0 
141 218 210 1 122 0 63 61 156 140 222 76 214 1 222 28 
209 199 252 75 199 59 136 99 199 103 176 157 104 142 185 109 
229 166 215 173 225 96 16 168 199 192 69 47 79 255 157 83 
106 241 73 75 81 89 243 24 26 57 71 105 56 228 188 237 
39 107 7 120 196 251 144 222 52 216 71 108 188 4 89 153 
58 180 240 255 175 128 221 227 88 37 79 21 41 169 174 217 
82 20 0 2 148 221 229 237 2 53 2 43 222 176 5 168 
207 210 66 100 175 39 81 178 92 83 221 58 3 226 226 1 
63 125 46 239 164 127 161 1 210 126 59 213 97 30 214 143 
180 36 140 88 163 45 89 117 172 149 74 13 179 32 156 125 
84 213 138 247 3 227 109 175 120 183 188 43 216 88 169 46 
37 65 218 40 37 71 215 157 255 147 201 215 235 114 5 43 
198 23 49 235 95 9 136 94 156 81 53 136 195 58 179 230 
221 85 62 60 94 199 154 251 24 207 131 220 9 54 194 191 
74 25 39 168 224 193 163 248 144 38 212 153 92 151 88 138 
113 68 92 81 5 255 74 149 38 30 46 130 181 135 13 38 
