2 1 5 0 0 0 0 0 0 0 0 0 0 0 0 0 
127 206 229 185 26 132 155 60 50 195 27 51 129 123 151 3 
169 79 136 195 211 36 255 6 231 26 57 104 150 208 107 234 
242 186 51 197 222 50 203 197 77 4 45 227 213 152 205 207 
10 68 67 232 119 15 173 196 19 218 167 232 115 116 184 236 
161 117 111 24 132 29 220 151 247 131 128 106 247 56 86 158 
162 155 245 38 184 209 190 175 85 62 26 76 118 112 235 143 
105 244 175 33 198 109 208 27 171 234 103 33 91 82 176 174 
49 184 251 247 37 203 18 209 182 121 242 17 204 163 191 248 
155 228 184 193 176 202 146 102 68 132 119 16 39 54 8 242 
123 101 82 43 47 228 145 115 104 8 131 144 62 140 130 87 
207 84 21 255 56 166 114 161 174 246 49 237 130 179 68 17 
38 20 104 94 187 218 255 105 208 48 86 82 228 155 100 9 
157 178 118 88 140 118 193 93 166 24 175 138 179 19 148 197 
120 172 99 5 34 37 98 200 61 17 83 240 37 231 181 60 
164 68 210 198 105 52 143 166 70 226 150 107 201 75 167 235 
172 247 0 21 44 143 187 114 113 81 221 58 156 132 38 87 
