2 1 5 0 0 0 0 0 0 0 0 0 0 0 0 0 
190 168 34 195 167 108 89 205 138 135 80 64 14 93 102 162 
241 20 11 153 128 100 102 11 236 182 75 250 19 177 157 153 
121 199 154 250 43 0 5 23 183 80 18 202 1 175 100 47 
65 203 169 108 204 174 132 131 254 150 77 255 69 177 46 197 
106 142 204 54 60 80 185 58 230 7 58 43 184 104 240 242 
159 101 48 219 181 233 22 156 240 80 199 169 184 184 155 226 
237 82 25 163 60 47 63 44 127 6 213 55 190 113 25 57 
35 142 249 95 189 56 139 60 62 97 115 253 210 141 54 108 
189 44 62 122 100 202 182 163 43 41 160 253 182 214 105 132 
86 66 65 186 12 247 93 55 32 253 52 215 212 157 91 137 
229 53 152 241 44 245 40 77 243 92 36 199 250 127 80 166 
59 184 195 103 174 236 180 161 72 216 104 66 88 184 232 112 
19 17 140 193 253 64 98 70 25 202 136 113 130 113 225 177 
48 242 234 46 50 76 116 75 22 252 188 152 109 158 73 188 
80 173 134 130 249 250 206 15 246 138 167 100 40 240 32 69 
190 109 24 183 103 230 198 94 113 109 194 153 93 226 223 56 
